3 1 24 34
3 1 24 34
4 1 23 35
4 1 24 33
3 0 24 35
4 0 23 35
4 0 24 35
4 1 24 33
4 1 25 34
4 1 25 33
4 1 25 35
4 1 25 35
15 1 24 36
22 1 23 36
22 2 23 35
20 1 24 35
17 2 25 34
5 1 25 35
5 0 23 36
7 0 23 37
7 1 23 36
2 1 24 35
14 1 22 34
9 1 23 34
4 2 22 34
5 1 23 33
4 2 23 33
4 1 22 33
8 1 21 32
13 1 22 34
1 1 21 34
2 2 20 34
2 1 20 35
1 1 22 34
1 1 22 34
2 2 22 33
1 1 20 34
1 1 21 34
8 1 22 35
1 1 21 33
3 1 17 33
2 2 20 34
2 1 21 34
1 1 20 34
1 2 21 31
2 1 21 33
1 19 23 31
7 17 22 33
14 12 24 32
16 1 25 32
16 0 24 34
16 9 24 31
7 16 23 35
1 17 23 35
1 1 25 36
2 1 24 35
1 1 22 33
1 1 22 33
2 1 21 34
1 1 23 33
