6 29 15 15
4 21 18 18
4 14 19 22
5 10 16 22
3 5 17 21
4 4 18 19
4 1 18 19
4 3 19 19
3 2 19 18
4 2 19 20
5 28 16 17
5 28 18 16
8 26 17 17
12 27 19 16
11 28 17 16
12 28 17 12
23 26 20 14
36 20 18 15
44 9 16 14
6 28 17 13
8 27 13 14
3 30 17 10
1 28 15 16
2 28 15 13
2 26 17 15
0 25 17 15
1 18 16 16
1 8 17 16
4 12 19 21
5 19 15 19
4 31 17 16
6 32 16 16
6 34 15 18
7 49 14 16
5 50 17 13
6 55 17 15
5 57 17 19
4 60 20 15
7 61 17 14
4 59 19 16
6 57 16 17
5 52 17 16
5 55 16 16
8 51 17 18
6 45 17 16
6 34 15 15
5 30 17 13
44 8 16 19
37 26 16 15
25 46 17 15
12 54 17 17
7 56 16 17
6 58 17 14
9 61 13 15
5 59 17 14
6 58 16 15
5 56 19 17
7 49 19 13
8 35 14 12
6 29 17 14
2 9 16 12
1 26 18 17
0 45 19 16
1 55 17 14
6 58 17 16
6 58 18 18
7 60 20 17
6 57 18 17
8 59 16 15
6 54 15 14
8 47 14 13
7 34 15 13
6 26 14 16
5 27 17 15
