down 0 = 415 0 32 40 5 5 0 0
down 1 = 405 82 32 42 5 5 0 0
down 2 = 311 173 32 42 5 5 0 0
left 0 = 0 248 32 40 5 5 0 0
left 1 = 47 219 32 40 5 5 0 0
left 2 = 0 289 32 40 5 5 0 0
netdown 0 = 202 49 48 40 19 18 27 16
netdown 1 = 253 0 42 50 16 26 24 23
netdown 2 = 335 57 36 58 14 26 19 29
netdown 3 = 372 82 32 60 5 25 18 34
netdown 4 = 145 174 44 56 2 31 21 22
netdown 5 = 0 0 50 42 1 20 27 19
netdown 6 = 51 0 50 40 2 15 26 16
netdown 7 = 153 41 48 50 1 25 21 23
netdown 8 = 49 166 46 52 2 31 21 19
netdown 9 = 276 155 34 60 7 26 17 33
netdown 10 = 245 92 38 54 12 26 27 26
netdown 11 = 102 82 48 44 18 21 29 21
netleft 00 = 376 0 38 40 1 19 22 15
netleft 01 = 0 207 46 40 1 18 27 16
netleft 02 = 0 43 50 40 1 18 30 20
netleft 03 = 192 133 44 40 1 19 24 18
netleft 04 = 80 219 32 40 2 23 22 16
netleft 05 = 33 260 32 40 3 22 25 16
netleft 06 = 296 0 40 40 15 24 20 16
netleft 07 = 66 260 32 40 6 22 21 17
netleft 08 = 190 174 44 40 0 20 27 17
netleft 09 = 0 84 50 40 1 22 31 13
netleft 10 = 151 92 46 40 0 16 27 18
netleft 11 = 376 41 36 40 1 17 16 13
netright 00 = 237 147 38 40 13 19 24 13
netright 01 = 96 178 46 40 15 18 30 15
netright 02 = 51 41 50 40 13 15 34 19
netright 03 = 145 133 46 40 16 18 28 17
netright 04 = 33 301 32 40 12 20 16 18
netright 05 = 99 260 32 40 4 24 15 16
netright 06 = 251 51 40 40 4 24 20 15
netright 07 = 66 301 32 40 4 24 19 14
netright 08 = 190 215 44 40 20 23 25 14
netright 09 = 51 82 50 40 24 21 24 16
netright 10 = 198 92 46 40 25 19 22 15
netright 11 = 235 188 36 40 20 16 12 13
netup 0 = 102 0 50 40 25 17 25 16
netup 1 = 0 125 48 40 22 1 24 21
netup 2 = 284 98 36 56 12 0 23 27
netup 3 = 296 41 38 56 1 1 19 18
netup 4 = 98 127 46 50 0 1 22 26
netup 5 = 0 166 48 40 1 7 26 24
netup 6 = 49 125 48 40 1 7 26 24
netup 7 = 204 0 48 48 0 0 27 26
netup 8 = 337 0 38 56 0 0 21 38
netup 9 = 321 116 34 56 8 1 26 33
netup 10 = 102 41 50 40 18 0 27 23
netup 11 = 153 0 50 40 22 10 28 23
right 0 = 132 231 32 40 8 4 0 0
right 1 = 99 301 32 40 8 4 0 0
right 2 = 132 272 32 40 8 4 0 0
up 0 = 165 256 32 40 8 4 0 0
up 1 = 356 143 32 42 8 4 0 0
up 2 = 405 125 32 42 8 4 0 0
victoryjump 00 = 198 256 32 40 8 4 0 0
victoryjump 01 = 165 297 32 40 8 4 0 0
victoryjump 02 = 344 186 32 42 8 4 0 0
victoryjump 03 = 377 186 32 42 8 4 0 0
victoryjump 04 = 410 168 32 42 8 4 0 0
victoryjump 05 = 410 211 32 42 8 4 0 0
victoryjump 06 = 235 229 32 40 8 4 0 0
victoryjump 07 = 272 216 32 40 8 4 0 0
victoryjump 08 = 132 313 32 34 8 4 0 0
victoryspin 00 = 198 297 32 40 8 4 0 0
victoryspin 01 = 231 270 32 40 8 4 0 0
victoryspin 02 = 371 229 30 40 8 4 0 0
victoryspin 03 = 305 216 32 40 8 4 0 0
victoryspin 04 = 334 270 30 40 8 4 0 0
victoryspin 05 = 268 257 32 40 8 4 0 0
victoryspin 06 = 365 270 30 40 8 4 0 0
victoryspin 07 = 301 257 32 40 8 4 0 0
victoryspin 08 = 402 254 30 40 8 4 0 0
victoryspin 09 = 264 298 32 40 8 4 0 0
victoryspin 10 = 338 229 32 40 8 4 0 0
victoryspin 11 = 297 298 32 40 8 4 0 0
victoryspin 12 = 413 41 34 40 8 4 0 0
