down 0 = 334 125 32 40 1 0 29 38
down 1 = 434 0 32 42 1 1 29 38
down 2 = 334 82 32 42 2 1 29 38
left 0 = 467 0 32 40 2 2 29 38
left 1 = 430 43 32 40 3 2 29 38
left 2 = 367 84 32 40 1 1 29 38
netdown 0 = 102 51 48 40 2 1 29 38
netdown 1 = 100 92 42 50 3 2 29 38
netdown 2 = 288 0 36 58 2 2 29 38
netdown 3 = 262 161 32 60 3 2 29 38
netdown 4 = 47 127 44 56 14 2 29 38
netdown 5 = 0 0 50 42 21 2 29 38
netdown 6 = 51 0 50 40 20 1 29 38
netdown 7 = 102 0 48 50 19 2 29 38
netdown 8 = 0 125 46 52 18 2 29 38
netdown 9 = 264 100 34 60 3 1 29 38
netdown 10 = 174 188 38 54 3 2 29 38
netdown 11 = 51 82 48 44 3 2 29 38
netleft 0 = 399 0 34 40 6 2 29 38
netleft 1 = 325 0 36 40 6 3 29 38
netleft 2 = 47 184 42 40 14 2 29 38
netleft 3 = 213 188 38 40 9 3 29 38
netleft 4 = 367 125 32 40 2 2 29 38
netleft 5 = 295 204 32 40 2 3 29 38
netleft 6 = 143 133 40 40 3 2 29 38
netleft 7 = 328 166 32 40 1 3 29 38
netleft 8 = 286 59 36 40 6 2 29 38
netleft 9 = 143 92 42 40 12 1 29 38
netleft 10 = 227 98 36 40 8 0 29 38
netleft 11 = 400 84 32 40 4 1 29 38
netright 0 = 362 41 34 40 2 1 29 38
netright 1 = 362 0 36 40 0 1 29 38
netright 2 = 92 143 42 40 1 2 29 38
netright 3 = 249 0 38 40 1 1 29 38
netright 4 = 433 84 32 40 1 3 29 38
netright 5 = 400 125 32 40 1 0 29 38
netright 6 = 186 90 40 40 9 2 29 38
netright 7 = 361 166 32 40 2 1 29 38
netright 8 = 225 139 36 40 2 3 29 38
netright 9 = 90 184 42 40 1 1 29 38
netright 10 = 325 41 36 40 1 2 29 38
netright 11 = 463 43 32 40 0 2 29 38
netup 0 = 0 43 50 40 1 0 29 38
netup 1 = 151 49 48 40 2 1 29 38
netup 2 = 249 41 36 56 1 17 29 38
netup 3 = 186 131 38 56 5 18 29 38
netup 4 = 0 178 46 50 15 11 29 38
netup 5 = 200 0 48 40 16 1 29 38
netup 6 = 200 41 48 40 16 1 29 38
netup 7 = 151 0 48 48 15 8 29 38
netup 8 = 135 174 38 56 6 16 29 38
netup 9 = 299 100 34 56 1 17 29 38
netup 10 = 0 84 50 40 1 2 29 38
netup 11 = 51 41 50 40 2 2 29 38
right 0 = 328 207 32 40 1 0 29 38
right 1 = 466 84 32 40 2 1 29 38
right 2 = 433 125 32 40 2 1 29 38
up 0 = 394 166 32 40 1 2 29 38
up 1 = 397 41 32 42 1 1 29 38
up 2 = 295 161 32 42 1 0 29 38
