down 0 = 334 125 32 40 3 1 24 34
down 1 = 434 0 32 42 3 1 24 34
down 2 = 334 82 32 42 4 1 23 35
left 0 = 467 0 32 40 4 1 24 33
left 1 = 430 43 32 40 3 0 24 35
left 2 = 367 84 32 40 4 0 23 35
netdown 0 = 102 51 48 40 4 0 24 35
netdown 1 = 100 92 42 50 4 1 24 33
netdown 10 = 174 188 38 54 4 1 25 34
netdown 11 = 51 82 48 44 4 1 25 33
netdown 2 = 288 0 36 58 4 1 25 35
netdown 3 = 262 161 32 60 4 1 25 35
netdown 4 = 47 127 44 56 15 1 24 36
netdown 5 = 0 0 50 42 22 1 23 36
netdown 6 = 51 0 50 40 22 2 23 35
netdown 7 = 102 0 48 50 20 1 24 35
netdown 8 = 0 125 46 52 17 2 25 34
netdown 9 = 264 100 34 60 5 1 25 35
netleft 0 = 399 0 34 40 5 0 23 36
netleft 1 = 325 0 36 40 7 0 23 37
netleft 10 = 227 98 36 40 7 1 23 36
netleft 11 = 400 84 32 40 2 1 24 35
netleft 2 = 47 184 42 40 14 1 22 34
netleft 3 = 213 188 38 40 9 1 23 34
netleft 4 = 367 125 32 40 4 2 22 34
netleft 5 = 295 204 32 40 5 1 23 33
netleft 6 = 143 133 40 40 4 2 23 33
netleft 7 = 328 166 32 40 4 1 22 33
netleft 8 = 286 59 36 40 8 1 21 32
netleft 9 = 143 92 42 40 13 1 22 34
netright 0 = 362 41 34 40 1 1 21 34
netright 1 = 362 0 36 40 2 2 20 34
netright 10 = 463 43 32 40 2 1 20 35
netright 11 = 92 143 42 40 1 1 22 34
netright 2 = 90 184 42 40 1 1 22 34
netright 3 = 249 0 38 40 2 2 22 33
netright 4 = 433 84 32 40 1 1 20 34
netright 5 = 400 125 32 40 1 1 21 34
netright 6 = 186 90 40 40 8 1 22 35
netright 7 = 361 166 32 40 1 1 21 33
netright 8 = 325 41 36 40 3 1 17 33
netright 9 = 225 139 36 40 2 2 20 34
netup 0 = 0 43 50 40 2 1 21 34
netup 1 = 151 49 48 40 1 1 20 34
netup 10 = 0 84 50 40 1 2 21 31
netup 11 = 51 41 50 40 2 1 21 33
netup 2 = 249 41 36 56 1 19 23 31
netup 3 = 186 131 38 56 7 17 22 33
netup 4 = 0 178 46 50 14 12 24 32
netup 5 = 200 0 48 40 16 1 25 32
netup 6 = 200 41 48 40 16 0 24 34
netup 7 = 151 0 48 48 16 9 24 31
netup 8 = 135 174 38 56 7 16 23 35
netup 9 = 299 100 34 56 1 17 23 35
right 0 = 328 207 32 40 1 1 25 36
right 1 = 466 84 32 40 2 1 24 35
right 2 = 433 125 32 40 1 1 22 33
up 0 = 394 166 32 40 1 1 22 33
up 1 = 397 41 32 42 2 1 21 34
up 2 = 295 161 32 42 1 1 23 33
