5 5 0 0
5 5 0 0
5 5 0 0
5 5 0 0
5 5 0 0
5 5 0 0
19 18 27 16
16 26 24 23
14 26 19 29
5 25 18 34
2 31 21 22
1 20 27 19
2 15 26 16
1 25 21 23
2 31 21 19
7 26 17 33
12 26 27 26
18 21 29 21
1 19 22 15
1 18 27 16
1 18 30 20
1 19 24 18
2 23 22 16
3 22 25 16
15 24 20 16
6 22 21 17
0 20 27 17
1 22 31 13
0 16 27 18
1 17 16 13
13 19 24 13
15 18 30 15
13 15 34 19
16 18 28 17
12 20 16 18
4 24 15 16
4 24 20 15
4 24 19 14
20 23 25 14
24 21 24 16
25 19 22 15
20 16 12 13
25 17 25 16
22 1 24 21
12 0 23 27
1 1 19 18
0 1 22 26
1 7 26 24
1 7 26 24
0 0 27 26
0 0 21 38
8 1 26 33
18 0 27 23
22 10 28 23
8 4 0 0
8 4 0 0
8 4 0 0
8 4 0 0
8 4 0 0
8 4 0 0
8 4 0 0
8 4 0 0
8 4 0 0
8 4 0 0
8 4 0 0
8 4 0 0
8 4 0 0
8 4 0 0
8 4 0 0
8 4 0 0
8 4 0 0
8 4 0 0
8 4 0 0
8 4 0 0
8 4 0 0
8 4 0 0
8 4 0 0
8 4 0 0
8 4 0 0
8 4 0 0
8 4 0 0
8 4 0 0

